10 1 16384 10532 0.642822
11 1 16384 6553 0.399963
12 1 16384 3716 0.226807
13 1 16383 1953 0.119209
14 1 16384 1017 0.062073
15 1 16384 534 0.032593
16 1 16384 238 0.014526
17 1 16384 156 0.009521
18 1 16383 141 0.008606
19 1 16384 137 0.008362
20 1 16384 147 0.008972


10 2 16384 12478 0.761597
11 2 16384 6452 0.393799
12 2 16384 2547 0.155457
13 2 16384 816 0.049805
14 2 16384 211 0.012878
15 2 16384 63 0.003845
16 2 16383 19 0.00116
17 2 16384 7 0.000427
18 2 16384 4 0.000244
19 2 16384 9 0.000549
20 2 16384 5 0.000305


10 3 16384 14425 0.880432
11 3 16383 7723 0.471403
12 3 16384 2458 0.150024
13 3 16384 549 0.033508
14 3 16384 92 0.005615
15 3 16383 15 0.000916
16 3 16384 4 0.000244
17 3 16384 1 6.1e-05
18 3 16384 3 0.000183
19 3 16384 1 6.1e-05
20 3 16384 1 6.1e-05


10 4 16384 15541 0.948547
11 4 16384 9185 0.560608
12 4 16384 2654 0.161987
13 4 16384 376 0.022949
14 4 16384 46 0.002808
15 4 16384 5 0.000305
16 4 16384 2 0.000122
17 4 16384 5 0.000305
18 4 16384 2 0.000122
19 4 16384 5 0.000305
20 4 16384 6 0.000366


10 5 16384 15852 0.967529
11 5 16384 10911 0.665955
12 5 16384 3078 0.187866
13 5 16384 413 0.025208
14 5 16384 29 0.00177
15 5 16384 2 0.000122
16 5 16384 2 0.000122
17 5 16384 1 6.1e-05
18 5 16384 0 0.0
19 5 16384 2 0.000122
20 5 16383 2 0.000122


10 6 16384 16292 0.994385
11 6 16384 12172 0.74292
12 6 16384 3678 0.224487
13 6 16384 365 0.022278
14 6 16384 17 0.001038
15 6 16383 3 0.000183
16 6 16384 0 0.0
17 6 16384 3 0.000183
18 6 16384 1 6.1e-05
19 6 16384 2 0.000122
20 6 16384 3 0.000183


10 7 16384 16384 1.0
11 7 16384 13405 0.818176
12 7 16384 4315 0.263367
13 7 16384 416 0.025391
14 7 16384 14 0.000854
15 7 16384 0 0.0
16 7 16384 3 0.000183
17 7 16383 5 0.000305
18 7 16384 1 6.1e-05
19 7 16384 2 0.000122
20 7 16384 3 0.000183


10 8 16384 16384 1.0
11 8 16384 14045 0.857239
12 8 16383 4926 0.300678
13 8 16384 410 0.025024
14 8 16384 14 0.000854
15 8 16384 2 0.000122
16 8 16384 3 0.000183
17 8 16384 0 0.0
18 8 16384 1 6.1e-05
19 8 16384 1 6.1e-05
20 8 16384 1 6.1e-05


